20 100 
 34 28 28 11 10 21 36 32 45 15 19 33 
 43 32 35 28 18 25 21 31 39 34 35 24 
 26 50 32 26 11 31 28 43 20 17 33 27 
 23 44 25 45 30 13 17 14 33 26 25 36 
 13 50 32 17 39 14 49 14 47 35 34 11 
 31 33 19 29 49 19 41 17 41 40 23 36 
 35 32 18 29 50 15 24 27 34 34 24 29 
 29 21 34 34 14 29 40 23 32 42 11 10 
 29 46 28 43 
 30 24 30 25 48 33 35 14 33 41 43 12 
 18 42 34 28 31 31 40 37 47 25 22 41 
 33 37 48 33 47 47 13 11 33 16 28 20 
 33 37 41 36 37 24 36 33 37 31 23 29 
 25 20 25 46 33 30 40 16 45 40 34 12 
 42 30 21 43 43 29 26 19 49 43 16 48 
 29 45 21 39 18 19 38 13 20 44 47 33 
 38 32 32 28 31 31 21 11 46 26 37 20 
 47 38 14 48 
 46 26 25 13 11 21 41 48 19 46 47 11 
 22 33 28 39 19 39 25 44 30 25 43 44 
 26 40 13 41 29 13 50 40 27 25 12 25 
 19 31 42 26 36 46 21 22 30 42 38 11 
 29 35 48 40 36 42 38 30 42 15 23 46 
 44 50 48 40 14 13 50 23 41 31 33 10 
 33 12 18 13 36 39 44 50 13 26 50 41 
 33 15 46 40 48 39 25 30 20 34 34 39 
 38 24 50 38 
 20 14 48 24 32 40 18 42 27 35 43 39 
 10 34 30 41 41 40 13 13 11 11 21 33 
 43 16 12 19 24 32 11 27 13 15 23 41 
 27 41 45 13 22 39 11 14 34 21 27 43 
 34 48 30 36 34 16 17 24 27 45 13 30 
 33 26 16 38 31 26 40 21 28 25 46 43 
 36 15 32 42 30 48 45 18 19 11 47 26 
 30 31 23 23 44 45 12 29 19 17 31 46 
 37 38 44 38 
 16 24 12 11 35 12 10 12 40 33 50 28 
 38 21 41 47 10 17 12 17 39 22 45 45 
 29 34 22 36 29 40 42 30 26 44 19 12 
 22 34 35 49 37 36 13 19 44 46 13 33 
 37 31 40 43 28 20 12 11 43 44 45 41 
 39 20 27 44 29 33 26 25 31 42 19 20 
 50 11 31 30 26 12 28 26 24 29 49 23 
 26 42 41 15 17 33 35 22 11 49 14 38 
 48 37 35 40 
 10 39 20 27 40 16 41 28 47 50 11 19 
 25 27 22 13 36 48 38 49 40 46 12 32 
 47 28 45 37 39 41 12 14 24 26 39 36 
 23 46 25 27 43 41 36 31 22 19 29 36 
 19 38 16 14 13 26 43 50 37 25 20 15 
 13 47 49 34 47 43 19 44 28 31 10 12 
 21 32 38 30 13 17 20 41 48 12 12 44 
 14 16 32 22 29 22 29 17 37 38 38 36 
 50 47 50 36 
 19 44 25 15 28 24 14 14 10 13 33 28 
 28 49 47 15 11 38 13 28 22 43 22 33 
 26 14 36 44 36 36 41 26 11 16 24 37 
 20 20 29 10 38 18 26 47 22 21 42 38 
 29 10 22 32 12 27 13 45 34 36 26 50 
 44 45 49 17 36 17 44 50 27 20 49 32 
 14 20 42 33 44 47 25 49 24 33 16 50 
 26 35 41 21 47 21 33 16 23 28 34 42 
 17 13 47 30 
 35 23 23 45 34 26 50 14 20 39 50 14 
 49 23 40 22 45 46 48 40 22 28 46 34 
 41 19 17 40 13 33 36 47 22 27 46 40 
 43 24 17 26 35 30 28 49 47 36 19 24 
 45 35 40 49 15 10 15 42 34 50 48 19 
 16 41 20 15 40 28 36 38 40 18 42 30 
 44 10 20 14 17 28 46 14 35 19 46 22 
 12 25 20 28 16 31 35 18 30 22 13 22 
 15 23 14 10 
 40 33 19 40 34 12 29 46 12 11 11 44 
 17 14 40 46 15 23 19 29 34 32 34 24 
 36 18 29 41 27 44 26 35 31 31 13 36 
 30 22 39 22 19 19 15 50 30 33 18 31 
 37 19 17 50 47 42 42 11 25 13 50 13 
 29 46 20 20 13 34 49 48 50 30 22 14 
 36 22 40 19 21 48 44 42 27 42 20 25 
 48 46 41 25 46 46 17 12 50 18 50 21 
 44 42 36 35 
 22 20 10 40 38 11 29 29 17 28 40 48 
 27 21 42 18 25 31 36 16 38 15 39 37 
 28 33 31 45 30 33 47 45 32 18 23 26 
 10 34 13 43 35 26 34 48 12 27 14 20 
 40 21 17 49 35 41 26 15 19 39 24 42 
 14 47 39 11 39 49 19 49 37 39 25 34 
 45 50 40 31 13 25 39 32 28 40 38 11 
 47 18 13 47 32 23 33 37 15 18 13 43 
 32 13 26 13 
 11 31 21 24 14 25 11 13 33 42 17 23 
 37 28 14 23 12 23 41 37 29 14 47 41 
 20 23 15 50 40 14 10 12 42 36 42 46 
 20 39 10 41 49 41 16 10 30 49 48 32 
 10 31 28 20 47 35 35 13 36 35 11 37 
 40 31 46 49 10 16 10 15 18 16 40 28 
 50 47 25 21 44 39 21 15 48 34 23 43 
 33 32 34 23 38 48 14 13 47 42 27 32 
 14 36 16 24 
 32 41 47 38 43 20 39 10 27 17 44 17 
 28 43 35 34 12 26 22 49 18 31 40 40 
 26 25 36 24 44 15 31 48 44 33 41 43 
 45 24 13 24 45 42 47 33 28 50 38 18 
 43 40 44 14 23 16 27 25 19 37 15 31 
 20 14 29 32 27 36 17 42 49 16 32 33 
 34 48 26 45 19 23 49 24 13 14 44 37 
 30 12 40 46 20 12 12 12 44 32 29 11 
 30 49 35 26 
 20 15 18 20 46 49 42 23 25 32 48 11 
 10 48 33 19 32 48 25 29 17 46 18 32 
 23 46 16 30 13 29 16 12 17 19 22 15 
 46 19 15 10 43 42 20 26 32 38 45 14 
 37 47 13 28 32 29 50 25 45 10 15 19 
 13 15 26 49 36 44 16 17 33 10 15 34 
 45 39 36 47 30 41 17 23 22 37 39 28 
 41 13 22 37 47 23 17 40 18 43 36 50 
 41 43 15 36 
 39 33 10 33 17 27 46 16 31 34 33 35 
 24 20 20 21 12 49 41 16 21 36 16 41 
 12 27 37 40 13 30 42 47 50 16 36 12 
 39 30 47 10 14 30 37 30 50 21 39 48 
 31 25 31 27 15 22 10 21 10 41 47 33 
 29 37 37 34 47 50 31 49 42 50 37 32 
 33 42 37 14 41 41 21 38 12 29 23 38 
 48 11 42 28 24 36 27 30 16 35 31 34 
 43 18 35 46 
 14 25 22 10 14 42 26 24 31 18 16 10 
 28 26 29 47 32 15 34 36 17 45 42 22 
 36 14 13 49 46 49 36 16 36 37 48 48 
 41 39 21 47 31 33 38 33 21 23 49 42 
 17 22 39 31 27 16 20 29 44 22 20 50 
 17 26 42 42 41 22 46 11 25 44 23 12 
 22 23 22 20 11 24 21 38 22 39 27 46 
 46 19 34 18 10 47 10 17 31 32 46 32 
 17 19 31 20 
 37 23 14 47 42 26 31 18 50 29 33 40 
 44 11 16 43 18 40 18 27 39 13 25 21 
 37 30 24 47 48 42 22 40 17 25 45 19 
 20 14 48 41 21 42 32 42 49 26 27 32 
 44 26 14 42 46 26 33 19 17 20 19 14 
 27 46 41 46 24 13 24 30 21 25 20 29 
 47 21 31 26 21 25 43 33 16 41 44 34 
 42 49 43 18 29 42 14 50 24 44 34 22 
 25 33 49 49 
 42 28 22 14 39 47 26 43 36 11 12 35 
 20 28 35 50 11 23 28 34 41 12 17 20 
 42 26 30 41 25 48 37 32 13 17 49 38 
 24 36 38 11 24 47 47 34 17 11 18 40 
 35 31 47 50 17 10 20 17 18 46 24 24 
 21 16 11 47 43 41 18 27 23 24 29 42 
 49 50 21 36 42 50 49 25 42 11 41 19 
 36 30 38 47 22 50 12 21 44 22 19 26 
 47 50 14 40 
 11 47 27 29 26 39 16 15 41 45 44 14 
 19 43 35 24 48 27 31 17 19 48 36 12 
 37 23 10 16 40 10 46 21 36 18 44 21 
 49 13 33 37 37 13 27 46 46 21 17 34 
 38 34 22 31 27 25 20 23 21 17 39 49 
 47 29 41 48 19 11 33 11 21 29 40 10 
 44 14 43 26 16 24 21 29 25 43 18 17 
 37 28 13 12 47 41 22 25 29 32 15 41 
 36 16 14 24 
 22 39 46 17 32 22 42 12 37 25 44 37 
 22 45 50 12 14 42 28 23 41 50 23 34 
 41 42 27 14 37 24 31 31 24 19 25 28 
 44 12 38 48 28 18 44 13 35 28 50 44 
 18 28 41 31 42 37 46 36 28 23 19 29 
 45 23 28 33 12 40 37 21 36 39 26 45 
 45 15 25 46 24 22 18 46 44 50 29 17 
 45 37 39 17 34 36 15 35 36 41 16 20 
 28 34 21 21 
 39 33 30 27 36 47 37 27 22 12 16 24 
 15 26 19 13 36 41 15 35 33 41 47 30 
 21 24 28 10 44 30 46 27 37 47 11 44 
 43 42 49 21 18 27 50 10 34 17 37 21 
 37 39 12 12 13 16 26 22 46 37 42 10 
 47 39 17 41 47 49 42 14 41 30 37 18 
 33 48 27 27 14 21 33 48 22 20 50 26 
 19 42 29 28 26 24 18 17 39 45 50 37 
 41 49 10 48 
 24 23 5 7 9 5 20 22 7 20 11 14 
 18 7 25 12 10 8 11 7 10 13 18 10 
 25 5 17 10 10 25 22 6 6 11 25 20 
 15 23 20 14 24 7 13 24 5 10 8 24 
 5 9 12 25 21 12 24 6 21 13 12 10 
 18 14 21 5 25 24 9 11 6 18 11 7 
 16 19 9 12 23 14 6 17 13 10 7 18 
 17 13 7 17 6 25 8 23 5 11 18 23 
 15 20 21 8 
 12 22 13 15 9 17 10 15 13 10 12 8 
 23 15 11 8 15 22 12 20 12 20 17 5 
 16 15 23 12 21 8 21 23 18 20 16 23 
 17 17 25 10 20 7 8 10 12 19 15 17 
 10 6 14 7 11 7 7 21 11 25 17 25 
 10 9 14 9 5 19 20 8 16 23 5 24 
 24 15 14 8 23 25 16 12 12 13 20 7 
 8 25 14 15 7 19 13 21 21 9 7 7 
 16 25 19 9 
 14 5 8 22 18 22 18 25 5 25 10 5 
 10 6 9 22 11 20 12 17 20 15 15 21 
 16 5 8 22 25 24 19 12 23 8 7 18 
 18 13 20 12 18 20 17 13 8 12 15 5 
 17 9 19 23 21 11 22 16 7 5 7 20 
 25 19 16 21 22 23 22 9 12 19 13 22 
 23 24 18 16 8 15 18 10 8 20 13 11 
 17 24 19 12 10 25 17 14 5 16 20 14 
 18 9 12 17 
 8 25 22 17 11 16 15 19 8 19 13 21 
 14 6 15 5 15 9 9 12 9 8 9 23 
 14 18 10 23 5 18 18 6 9 15 24 16 
 21 6 13 10 25 6 9 15 13 14 7 14 
 16 23 25 9 17 11 22 7 16 8 23 13 
 23 9 25 7 16 17 25 11 16 15 20 25 
 7 20 24 8 8 18 16 8 19 20 8 14 
 9 19 11 12 9 7 19 7 19 12 18 16 
 6 13 6 8 
 8 10 23 19 7 22 7 8 9 21 6 6 
 20 14 18 11 12 23 16 8 14 18 17 20 
 6 25 24 9 13 9 21 10 15 10 12 17 
 10 13 24 16 15 16 7 7 12 19 20 18 
 17 7 19 11 23 22 25 19 6 14 13 11 
 8 8 11 12 24 24 21 5 19 14 25 9 
 8 5 8 18 24 8 14 8 22 25 23 19 
 6 17 23 10 7 18 16 9 20 12 14 24 
 24 6 23 15 
 13 6 19 19 21 22 22 7 22 14 13 8 
 12 16 13 15 15 5 23 11 24 24 25 15 
 12 24 17 8 14 5 13 21 8 7 23 11 
 11 6 22 10 10 7 21 20 22 12 15 7 
 12 5 9 14 16 5 16 5 7 24 19 7 
 23 16 11 24 19 17 7 25 25 9 25 25 
 8 20 11 20 8 15 20 7 21 16 19 7 
 13 10 5 21 24 13 11 11 20 24 16 7 
 16 13 14 13 
 12 10 7 13 14 23 12 17 18 12 16 13 
 19 14 18 11 11 12 12 6 18 12 18 9 
 6 23 8 20 25 14 17 6 12 19 9 25 
 21 25 24 17 24 25 17 24 22 17 6 22 
 11 14 17 11 21 21 13 23 7 17 13 16 
 11 15 21 8 11 14 13 8 19 16 16 19 
 5 20 18 5 23 22 17 8 24 11 22 10 
 23 18 25 7 18 19 15 12 15 14 25 14 
 21 25 21 22 
 16 25 13 15 9 17 14 7 10 25 12 17 
 22 25 10 20 8 22 10 14 16 13 21 9 
 15 5 16 16 21 6 19 5 18 19 8 15 
 10 22 25 24 12 20 6 6 11 7 9 25 
 23 9 23 8 10 9 21 15 5 25 17 21 
 17 6 13 24 5 5 8 20 7 12 7 12 
 9 24 8 8 20 21 7 9 24 18 23 9 
 14 11 5 19 17 6 21 9 23 23 13 5 
 16 12 13 6 
 8 13 7 17 25 8 17 12 25 16 14 7 
 9 25 6 10 7 7 7 17 20 25 12 15 
 19 18 9 25 6 25 13 5 7 21 6 24 
 12 9 23 19 8 13 20 13 13 5 18 20 
 19 19 22 7 18 12 8 8 10 10 15 19 
 6 8 8 23 5 21 10 25 7 18 7 5 
 23 22 20 7 25 15 18 21 22 16 24 14 
 14 22 18 12 12 22 25 10 7 7 16 17 
 11 25 7 15 
 21 6 7 22 23 21 9 14 12 7 15 9 
 19 16 14 5 7 25 21 24 24 6 15 5 
 14 8 20 24 18 19 7 16 19 7 8 14 
 15 19 5 23 19 17 12 16 17 7 11 13 
 13 12 10 18 14 8 24 16 8 12 20 9 
 8 15 20 12 7 12 8 22 8 14 8 5 
 7 18 23 8 12 9 19 15 5 16 10 19 
 17 19 10 17 11 24 24 19 10 15 19 11 
 6 9 19 18 
 21 12 18 21 15 22 12 5 6 7 21 12 
 13 5 18 8 12 21 19 8 18 24 14 8 
 20 11 21 7 15 9 21 11 18 11 17 10 
 16 21 19 22 8 18 22 8 23 10 20 23 
 9 5 12 14 23 16 5 9 19 24 21 19 
 8 22 9 5 10 17 12 21 23 6 11 25 
 13 7 11 16 18 19 17 11 24 12 16 23 
 15 20 22 7 16 25 18 7 17 15 9 15 
 17 24 8 22 
 24 10 12 20 24 10 18 8 19 20 21 17 
 15 11 19 6 23 17 21 24 9 12 13 19 
 10 16 19 14 24 17 15 9 25 22 14 23 
 10 11 14 23 23 20 15 21 14 23 9 24 
 8 5 12 13 19 17 9 25 15 13 8 6 
 21 9 24 23 6 10 22 5 8 25 13 25 
 24 6 16 14 16 15 19 15 14 7 17 24 
 17 16 11 20 12 13 18 14 8 6 25 5 
 11 25 12 16 
 21 13 9 20 13 6 9 25 23 5 22 7 
 16 20 7 19 19 19 24 24 22 21 23 9 
 12 20 14 5 12 15 15 12 19 10 22 20 
 19 25 17 14 23 23 12 11 11 20 9 17 
 8 21 16 21 20 22 6 24 25 11 6 17 
 24 6 11 11 19 16 8 23 25 6 8 19 
 14 23 8 20 8 6 18 10 16 10 18 20 
 20 22 7 18 6 13 22 15 16 8 12 23 
 25 24 10 7 
 12 16 6 8 19 12 8 14 18 15 24 5 
 19 23 22 13 11 24 14 10 23 5 18 22 
 14 5 23 8 7 13 10 19 21 17 7 9 
 6 6 13 16 24 24 5 24 22 23 21 17 
 23 11 7 14 7 19 18 23 24 24 20 7 
 24 15 13 6 5 13 18 19 15 11 5 15 
 7 5 16 19 14 6 11 13 15 7 20 15 
 22 14 5 8 25 9 12 12 19 8 6 25 
 18 7 16 11 
 7 20 10 22 9 17 21 22 16 18 10 8 
 11 15 17 13 11 18 5 13 13 6 19 10 
 24 22 17 11 8 20 12 16 14 16 13 14 
 5 12 14 16 10 9 17 13 8 15 14 25 
 10 11 5 15 25 19 11 23 17 14 17 7 
 22 13 9 13 13 13 24 13 6 24 24 21 
 9 5 13 21 20 8 21 19 21 20 14 18 
 10 10 15 24 24 12 17 22 21 8 22 21 
 8 13 11 24 
 24 5 11 7 12 18 22 10 18 16 17 19 
 9 21 25 9 17 23 5 25 15 14 12 25 
 5 25 16 9 10 9 8 15 24 10 7 25 
 25 7 8 5 10 17 15 24 11 23 7 21 
 10 18 9 10 11 5 18 11 13 21 9 25 
 18 22 8 22 7 9 16 13 17 5 19 15 
 22 10 18 5 7 20 20 9 12 19 7 18 
 17 23 12 22 16 17 13 6 17 21 7 24 
 18 13 11 10 
 10 13 24 9 15 15 24 12 7 18 17 15 
 21 5 9 21 5 10 15 21 5 11 7 9 
 17 7 23 21 10 13 23 24 9 20 12 6 
 8 8 17 25 25 11 18 24 12 17 20 8 
 15 23 8 17 8 20 7 22 19 10 15 24 
 20 19 7 21 7 5 17 5 18 8 21 19 
 23 24 23 24 19 15 14 21 13 24 15 23 
 8 22 18 6 6 7 5 22 16 19 18 19 
 5 17 12 13 
 15 11 24 25 10 9 15 9 8 17 18 14 
 13 6 20 16 6 11 17 20 13 8 17 11 
 7 23 17 11 8 14 16 19 10 12 11 5 
 23 10 18 19 8 21 11 20 14 15 12 18 
 21 25 13 15 19 9 14 13 18 19 19 7 
 10 23 25 16 8 8 19 23 24 20 18 15 
 22 6 25 23 24 20 19 16 5 17 8 18 
 8 18 5 11 10 13 10 8 12 20 19 23 
 14 12 11 7 
 22 18 24 5 7 8 20 22 15 22 12 20 
 13 23 15 9 15 10 19 17 21 14 9 10 
 21 11 20 23 7 20 10 9 13 17 25 20 
 24 25 12 11 10 13 25 24 12 16 19 23 
 20 11 6 21 6 6 7 25 10 13 13 23 
 24 24 25 8 24 16 12 15 23 10 8 19 
 16 14 10 8 6 10 17 7 8 17 19 23 
 18 16 7 17 22 10 23 14 19 17 19 22 
 21 5 20 10 
 16 22 6 6 6 12 7 16 20 17 17 8 
 15 11 12 25 5 7 22 7 23 17 17 12 
 22 11 6 21 23 24 25 11 10 12 16 13 
 24 8 12 16 10 8 21 23 20 7 23 13 
 14 6 18 8 9 16 5 18 20 19 15 10 
 14 20 22 5 9 15 19 8 16 9 7 21 
 15 16 19 24 11 8 8 18 5 15 13 10 
 22 20 19 16 19 11 22 9 25 11 12 7 
 15 5 10 18 
 57 59 61 56 59 59 63 57 58 56 60 62 
 62 57 59 58 60 59 62 57
