10 100 
 19 28 25 31 36 12 35 50 39 12 27 37 
 36 35 36 39 28 15 22 30 21 39 15 30 
 19 46 28 47 15 36 24 43 22 42 17 14 
 24 23 49 37 10 38 45 24 30 50 14 16 
 44 12 44 17 49 35 48 40 50 43 33 49 
 28 25 27 38 10 22 18 44 12 48 35 48 
 17 45 25 49 36 33 19 23 49 31 38 23 
 36 19 37 23 12 26 19 34 13 26 21 43 
 34 14 37 45 
 18 45 17 39 48 47 37 14 24 29 26 30 
 40 45 37 37 15 31 17 30 25 38 15 32 
 16 20 11 21 38 40 48 34 10 12 45 35 
 26 36 28 35 36 40 32 32 29 45 37 19 
 14 27 10 21 16 18 12 38 39 31 31 46 
 20 19 29 35 34 29 27 50 49 21 33 30 
 30 28 21 16 41 41 37 18 14 45 20 24 
 50 50 47 17 35 39 13 16 34 12 41 40 
 46 49 22 47 
 26 34 49 11 38 34 39 38 35 23 40 12 
 28 38 33 16 44 29 37 27 32 24 38 23 
 24 18 29 11 38 26 28 18 42 42 36 37 
 42 15 37 20 23 38 13 27 25 41 20 44 
 49 33 25 49 11 45 46 22 30 12 22 40 
 33 35 28 23 35 30 40 14 23 11 29 37 
 32 33 48 17 48 46 16 20 50 40 19 34 
 30 38 43 43 25 32 13 24 12 27 29 31 
 36 46 29 21 
 33 18 11 28 22 13 37 26 50 45 42 11 
 45 43 30 24 14 20 19 19 37 11 39 33 
 28 33 21 40 11 33 15 21 36 32 48 44 
 49 43 41 26 22 27 18 27 48 16 30 30 
 50 46 28 37 25 23 18 23 46 42 20 36 
 20 34 16 28 34 47 21 43 16 44 40 39 
 27 23 10 30 44 33 38 27 10 49 27 48 
 46 41 36 39 25 43 22 34 15 31 50 26 
 19 13 43 13 
 49 38 20 13 42 18 31 49 32 23 36 46 
 50 41 37 34 47 14 19 14 41 22 10 40 
 43 24 20 46 19 46 44 10 41 25 11 29 
 38 40 31 21 27 17 49 39 28 34 21 47 
 29 33 19 14 40 46 30 45 45 34 35 46 
 14 13 21 41 21 24 47 12 18 34 29 36 
 16 24 25 11 47 36 50 45 10 46 11 29 
 44 17 30 31 14 17 46 38 20 26 36 16 
 32 34 43 20 
 22 22 27 49 41 31 40 18 35 17 13 16 
 18 19 14 18 28 41 24 49 40 32 46 38 
 46 30 10 41 11 31 41 38 41 29 49 44 
 35 45 48 41 39 24 29 18 17 19 11 34 
 40 18 49 16 22 32 34 32 11 14 14 44 
 27 49 46 17 20 35 23 34 27 49 10 29 
 18 23 36 16 25 11 28 11 44 10 44 43 
 38 33 13 16 34 42 18 28 46 23 24 42 
 19 20 24 22 
 21 47 10 23 45 19 38 45 31 18 15 18 
 35 36 15 23 16 27 30 35 24 18 17 19 
 43 25 30 43 12 44 25 40 32 22 18 31 
 26 14 21 47 40 42 46 10 44 34 30 45 
 20 27 13 19 44 47 30 37 10 28 38 40 
 45 43 28 25 50 16 43 30 22 13 37 34 
 30 23 38 31 12 21 20 19 46 23 16 31 
 32 28 20 48 34 20 27 20 39 34 17 28 
 38 49 21 46 
 47 14 41 48 34 42 33 14 42 12 21 11 
 23 23 17 21 38 22 14 45 12 12 22 23 
 27 32 38 45 14 38 12 32 27 19 50 37 
 18 36 36 21 20 23 12 32 18 17 37 28 
 26 50 21 12 19 31 49 14 39 10 43 22 
 50 41 39 34 47 25 26 19 41 43 16 42 
 34 26 37 42 28 11 20 19 37 47 37 44 
 19 43 17 48 16 23 47 13 29 14 48 21 
 19 31 37 43 
 15 39 25 36 41 33 42 29 24 31 35 11 
 21 31 38 19 33 34 44 28 14 41 48 23 
 11 13 29 16 14 31 11 21 30 18 41 12 
 35 15 38 11 33 41 34 30 46 18 26 10 
 15 47 46 26 44 33 29 44 28 32 17 49 
 15 20 22 20 25 33 42 26 42 22 18 37 
 12 22 13 28 50 21 27 34 13 25 24 45 
 25 49 36 14 47 41 10 36 38 34 48 13 
 34 38 12 23 
 41 21 42 19 16 19 12 49 47 14 49 18 
 49 10 26 12 38 15 19 27 45 33 50 25 
 12 22 47 42 26 42 21 39 47 20 31 23 
 31 11 36 23 43 49 45 41 36 22 21 28 
 31 19 33 39 18 17 21 33 24 16 47 15 
 24 34 17 35 26 24 10 22 17 38 50 12 
 41 14 32 45 25 21 21 40 30 27 33 37 
 14 23 13 43 30 48 13 35 22 25 39 23 
 21 38 30 16 
 12 20 7 13 7 5 22 24 6 14 13 11 
 17 15 9 21 6 22 5 16 23 11 12 15 
 25 24 19 21 20 8 24 5 16 17 14 25 
 19 18 21 14 12 20 18 14 7 5 14 7 
 12 18 19 25 20 24 18 20 5 24 12 20 
 12 6 7 8 18 20 14 5 20 8 10 9 
 14 7 21 5 16 22 18 8 12 13 21 12 
 23 7 9 13 6 7 7 16 20 7 19 18 
 17 7 22 9 
 15 11 15 11 22 8 8 13 7 23 25 18 
 7 23 5 14 12 23 6 14 13 11 20 9 
 17 8 6 14 17 11 14 16 25 15 9 17 
 17 23 8 8 25 5 11 22 6 12 10 11 
 7 9 21 18 19 20 11 24 14 9 13 12 
 10 11 7 6 5 11 21 16 24 20 12 10 
 25 10 24 22 5 17 14 9 24 9 16 9 
 22 7 23 7 18 7 12 20 16 17 23 10 
 11 11 9 12 
 16 20 13 17 25 12 22 14 5 20 17 17 
 13 22 6 11 9 18 18 15 13 19 9 21 
 20 7 21 17 13 22 25 5 13 10 25 15 
 16 8 19 7 16 15 22 8 5 25 20 21 
 14 5 22 23 20 21 23 11 13 9 24 24 
 19 13 11 9 23 10 24 14 9 15 16 8 
 13 5 12 22 6 17 14 7 17 11 21 12 
 16 8 21 24 16 22 19 10 12 12 24 12 
 17 6 7 7 
 9 8 10 15 20 23 14 20 19 16 21 17 
 25 7 5 10 17 17 25 24 14 10 12 23 
 15 7 7 15 17 16 16 14 20 22 8 21 
 25 8 17 9 23 20 23 8 10 17 6 7 
 14 20 7 12 21 12 12 8 5 25 22 14 
 9 24 13 16 22 10 9 12 24 13 9 21 
 15 25 14 16 15 9 16 18 16 12 15 24 
 16 12 11 22 19 11 17 22 9 5 21 21 
 10 6 24 13 
 23 18 24 11 9 5 21 6 6 24 9 22 
 7 6 24 8 6 5 21 21 7 11 16 23 
 18 7 5 21 21 24 15 18 10 12 13 21 
 16 17 22 24 19 11 23 22 10 16 22 8 
 5 16 15 6 20 10 13 16 22 22 14 10 
 24 14 17 19 23 14 13 12 22 16 6 24 
 14 11 15 7 25 12 10 23 15 19 12 7 
 23 13 13 17 16 14 17 10 5 9 17 21 
 6 14 23 16 
 12 14 18 18 21 9 7 9 6 5 23 23 
 21 15 9 14 17 23 15 13 24 15 25 5 
 10 20 13 23 10 7 19 5 7 6 9 12 
 12 5 21 6 7 7 21 16 19 19 6 21 
 24 22 8 7 12 9 10 25 22 17 15 19 
 13 23 24 16 5 25 6 7 12 6 19 18 
 19 8 24 24 8 11 5 8 19 12 14 17 
 17 6 9 22 15 10 5 18 19 17 20 12 
 23 21 6 16 
 8 7 9 10 5 17 17 21 19 25 12 21 
 16 18 7 13 20 9 19 13 7 8 19 23 
 19 14 14 19 8 6 20 7 17 15 19 12 
 12 23 23 18 5 17 10 5 25 18 12 23 
 11 6 18 22 10 20 21 8 12 11 10 7 
 12 13 7 6 21 24 18 21 19 13 11 18 
 8 21 9 17 12 14 7 5 5 19 5 14 
 11 12 8 8 25 12 19 12 21 9 23 8 
 9 19 17 11 
 23 16 7 21 18 14 17 11 22 5 21 16 
 7 16 6 21 17 13 12 8 6 11 10 13 
 14 6 10 5 18 13 11 9 17 18 6 18 
 9 5 6 11 16 12 13 24 5 16 24 18 
 10 9 14 7 18 11 17 14 14 13 8 25 
 11 11 15 22 14 6 15 19 25 14 10 22 
 11 11 19 11 17 6 24 25 9 6 6 20 
 5 6 13 23 15 17 25 6 18 25 25 19 
 21 5 13 23 
 12 6 23 13 22 23 23 17 5 25 15 24 
 11 10 15 16 20 17 14 12 10 5 20 5 
 16 16 21 19 23 21 12 7 10 20 23 21 
 21 22 20 13 21 18 7 25 9 25 17 19 
 23 16 18 19 9 6 7 12 9 17 25 21 
 21 17 15 23 21 21 8 24 14 7 20 6 
 21 22 13 21 13 15 21 25 20 24 6 5 
 20 5 11 8 8 6 18 10 13 17 17 14 
 14 24 20 5 
 8 14 23 17 8 22 6 7 9 23 8 6 
 24 9 19 16 5 10 8 14 10 17 5 17 
 16 5 25 20 5 14 21 14 5 18 22 22 
 17 13 22 8 23 13 11 11 16 15 21 22 
 5 24 6 21 20 6 14 14 21 25 16 15 
 21 7 16 21 25 14 20 8 22 19 17 7 
 13 7 16 19 24 7 16 16 18 11 5 15 
 8 24 12 19 17 15 24 5 10 5 10 24 
 22 16 14 23 
 115 111 121 121 120 114 112 112 126 118 
