5 25
 18 19 19 17 24 25 24 25 25 23 20 21 25 17 25 21 25 19 23 19 20
 15 25 23 17
 25 17 18 16 18 15 23 20 19 22 23 18 17 16 16 24 16 23 23 24 19
 17 15 17 17
 17 25 15 23 21 20 24 17 21 22 22 15 18 23 17 22 20 24 19 18 15
 15 18 19 19
 21 16 25 23 18 21 18 16 21 21 15 21 24 23 24 23 20 25 24 18 19
 23 22 22 16
 24 16 24 19 16 25 23 25 17 21 21 22 17 25 19 21 23 19 17 24 19
 15 20 15 20
 25 23 5 13 6 15 24 9 17 11 5 6 8 14 9 9 21 23 13 8 22
 20 24 15 20
 18 8 5 20 8 7 13 17 9 16 19 11 6 12 25 23 9 21 11 15 24
 23 15 21 12
 7 25 13 9 16 16 8 17 5 17 10 18 21 25 17 24 20 16 9 18 18
 18 16 6 24
 25 11 8 7 25 20 24 16 9 15 22 10 17 6 22 11 19 20 14 14 8
 18 22 18 22
 7 16 20 18 13 10 15 20 5 19 11 6 11 23 15 21 15 20 21 11 9
 25 17 18 12
 58 58 62 64 60
